31707
57296
21903
59143
4490
54171
43457
15611
34580
50581
30863
62169
61024
28709
34037
64932
55819
3431
30443
57681
9328
47061
16928
61754
40519
56165
54151
50561
51098
37204
42482
26019
55220
36252
24566
61370
40113
36014
57800
13188
44745
38424
40785
44622
14145
38412
60760
4926
5342
45117
7902
31008
32857
45676
15752
60768
55479
26856
35829
31178
57853
33516
20101
12904
18029
44273
62987
6230
27659
35696
21135
8169
56123
5661
64209
29402
18622
16832
23086
48014
27366
64158
37316
27747
49175
47719
30110
13959
20918
55188
52148
19968
56022
24815
41654
24150
62275
35668
8704
51954
28373
35133
54701
47627
54146
63560
57513
38707
65505
53299
3682
62811
3294
5562
52586
42469
26981
12754
14094
17717
49989
10210
28022
37732
46732
29580
31899
33716
31087
54526
12956
46338
59313
373
60405
56209
56024
4432
26579
50852
42279
42372
25358
64884
41500
26700
60560
13522
2258
36899
20348
970
49348
64855
44368
36845
47371
425
18383
23552
53921
47818
20287
52120
35007
33930
18463
17996
13393
35381
46064
35728
45531
4180
15719
48978
51592
7438
53625
58741
34904
40397
38564
61792
40236
49466
55935
44361
13716
44212
50651
40214
2680
63784
55537
39080
42172
64531
63097
17304
2971
4976
44431
17138
19056
15894
49574
16055
40854
51747
56693
25337
56057
57553
21642
23981
63051
1603
46648
20705
21408
7544
20385
3914
14076
16401
6248
20807
62738
24544
41352
40125
17073
39208
42876
63714
60890
49246
49903
31319
51521
47507
13669
25137
32084
47697
1186
15847
25851
44369
65390
56540
18614
33259
5062
23699
13850
31732
47383
13553
29951
23562
29624
27732
42138
63583
28932
44565
55785
9018
28737
18290
33799
21174
4939
21841
19269
46370
62970
6817
53853
19224
43935
23070
34630
23555
53786
6310
45085
32688
37169
46536
53665
26630
5636
18599
64801
13607
21831
34398
42146
5245
48731
42619
15070
9385
42194
10424
10874
34141
18533
38578
61972
20183
19611
19274
25216
8583
37893
33308
57126
36732
14010
59862
61213
52917
19361
18193
38287
45527
34681
24628
35481
39958
3752
4281
8241
4541
63192
34991
2576
14577
50851
3860
24959
27141
9041
10441
42804
11489
57841
31890
39851
19682
57742
50515
688
10105
43686
22628
38502
59190
31796
21806
62031
58718
37674
16103
19677
7152
28152
12329
46892
6453
7565
54217
60401
47367
24469
1476
43430
32496
62896
17356
11755
33708
6760
40416
49613
49221
61878
32330
52763
7602
44988
41868
42116
6510
61279
59611
58404
21077
19474
49288
1686
48510
61501
31162
29677
11490
3310
56879
18540
53722
27115
22485
25707
22488
46833
30415
9782
30895
31407
22947
23756
42897
22860
32946
14744
51822
38451
65056
48301
24464
49882
41566
54096
52905
18747
50585
350
46569
11360
3523
25671
31966
59016
8742
28529
21639
41673
38498
18197
36356
19022
37357
50433
7204
35682
21680
15331
28649
25828
55200
3707
14655
4957
28463
21043
64436
59557
44999
29910
44917
31537
28676
19707
43302
18967
54209
382
56308
62862
58383
50968
55383
15577
38306
57697
5109
16642
57025
32526
29724
64237
57922
42472
28787
14990
25650
14985
40782
61271
304
24512
3217
26298
43332
41772
22424
53307
64601
13507
30818
54761
36801
22411
63637
53200
13211
16238
58878
55304
49868
11372
21068
20208
17037
7072
41758
43726
24086
17317
38502
26394
2354
33185
50608
44330
6306
12085
47019
46353
23154
46498
36367
43414
33304
53360
63383
2189
36211
24379
58840
30828
65512
1112
17941
164
61768
37271
36488
37496
56766
30591
51138
10185
60542
27214
1887
11094
62220
11525
20278
54687
25728
45605
60968
4721
5550
23961
54834
63480
58088
22575
41709
59538
53214
21643
3005
59321
53535
29961
17086
12136
38410
55883
56462
39295
3318
49448
41458
22400
1863
36087
29507
52540
2829
3701
51894
14459
39257
16582
36429
23337
46651
25269
43181
20107
28586
9081
12679
24517
15683
50543
63236
44937
663
59161
43501
54206
2709
45398
14911
59681
43751
43437
37345
4089
13276
24153
35734
57578
7018
43194
1262
55575
51607
50939
16316
24171
20733
4264
31235
53551
37134
24700
65354
7773
34684
24935
52110
39323
56653
64252
47941
11699
20570
62185
52470
33291
28165
9135
1128
53805
65010
7510
27984
23870
30062
45228
45093
30086
13505
27149
53089
63253
10401
54035
25245
57221
39442
64449
61245
45798
34795
10618
35049
35453
17892
3431
26129
3127
24348
53729
35712
1275
54274
184
40180
3918
55264
26538
33934
8901
44694
63075
18372
25148
23179
12104
37525
13903
29365
21336
20851
8791
58358
28322
62368
43865
7590
59322
31548
44346
26962
5734
29146
8795
2032
42316
53424
26576
23831
28102
20074
39914
37212
62599
47762
47349
60009
26450
50127
23101
51075
49312
60138
47284
1686
41715
27940
56962
16028
17441
38095
34868
2711
58936
23564
52909
51860
30960
25287
57812
8366
381
27431
40922
50348
53204
26312
13321
29829
44428
26453
39056
4128
31972
53039
34047
48752
60116
65062
7518
7839
14181
33855
28689
29882
53327
64566
16821
52111
50437
61940
51607
43023
34222
19045
17900
866
2423
10825
55458
21116
22890
17690
721
53882
40163
15411
41373
43663
32973
32000
16964
42347
7345
5107
28660
56975
5402
44278
43941
14986
33679
31106
43057
30171
20056
46373
14892
792
54990
51764
61239
30944
53621
46949
10847
30854
24684
56030
56963
27199
9410
1382
60233
14493
32365
2071
53409
3597
763
27992
59176
37242
51535
55900
52284
63044
21073
38395
59050
33966
62658
52276
14195
52694
64069
34628
26866
12039
22262
45216
51292
26099
45100
12569
35337
61623
29718
61544
6888
39793
6078
48588
63594
42974
17622
21787
28546
17526
16900
49730
2497
52680
12318
24785
22818
30909
43642
59905
13868
19790
55608
16900
36022
45350
20307
37275
8308
30495
62749
19214
38666
28003
26391
56851
55586
36615
21162
29983
63903
18677
33574
17483
14694
2899
8938
57028
4635
43725
41914
8083
2590
50681
22471
26177
15149
34110
57223
60123
10898
3368
41146
30823
51499
60947
50713
60468
4512
46934
9813
60572
57270
45311
37234
42644
54122
7428
42695
20294
41253
24761
37027
12814
19670
8379
65197
19405
58256
54637
62047
44781
13651
15370
31435
65501
27316
31072
15280
25708
40656
56958
34951
57774
41233
16114
